1.190014399999999841e+04
1.101469000000000051e+04
1.190705999999999949e+04
1.172716200000000026e+04
1.188162800000000061e+04
1.253773600000000079e+04
1.189674500000000080e+04
1.267323100000000159e+04
1.236613899999999921e+04
1.279051600000000144e+04
1.201605999999999949e+04
1.257792499999999927e+04
1.147443600000000151e+04
1.129404699999999866e+04
1.209526000000000022e+04
1.271878700000000026e+04
1.202442000000000007e+04
1.098979500000000007e+04
7.733470000000000255e+03
1.237420899999999892e+04
1.242204999999999927e+04
1.221194600000000173e+04
1.140885000000000036e+04
1.227839550000000054e+04
1.282484399999999914e+04
1.201735800000000017e+04
1.313344000000000051e+04
1.189228700000000026e+04
1.146014500000000044e+04
1.234045100000000093e+04
1.218034699999999975e+04
1.092560000000000036e+04
1.142691399999999885e+04
1.229711499999999978e+04
1.152622500000000036e+04
1.257220499999999993e+04
1.237378300000000127e+04
1.236649300000000039e+04
1.288073699999999917e+04
1.296167600000000130e+04
1.215240999999999985e+04
1.209356999999999971e+04
1.239467600000000130e+04
1.147727199999999903e+04
1.201300100000000020e+04
1.305584600000000137e+04
1.292026000000000022e+04
1.188164550000000054e+04
1.211287600000000020e+04
1.204567799999999988e+04
1.221881100000000151e+04
1.256712299999999959e+04
1.184216200000000026e+04
1.272828800000000047e+04
1.118317799999999988e+04
1.273174699999999939e+04
1.216495300000000134e+04
1.256601100000000042e+04
1.253032899999999972e+04
1.277261300000000119e+04
1.233604100000000108e+04
1.280077899999999863e+04
1.276814800000000105e+04
1.189707600000000093e+04
1.274053399999999965e+04
1.336301600000000144e+04
1.218939399999999841e+04
1.187003899999999885e+04
1.243438600000000042e+04
1.235636499999999978e+04
1.241612600000000020e+04
1.062292499999999927e+04
1.273370499999999993e+04
1.196894000000000051e+04
1.267155800000000090e+04
1.156155699999999888e+04
1.273540100000000166e+04
1.164434000000000015e+04
1.131579999999999927e+04
9.037639999999999418e+03
1.188264699999999903e+04
1.257478000000000065e+04
1.251455600000000049e+04
1.230715200000000004e+04
7.971189999999999600e+03
1.230662700000000041e+04
1.211418600000000151e+04
1.220797399999999834e+04
1.248554899999999907e+04
1.249091799999999967e+04
1.214180899999999929e+04
1.269517000000000007e+04
1.226313100000000122e+04
1.260687999999999920e+04
1.257924100000000180e+04
1.228177100000000064e+04
1.219094100000000071e+04
1.213428899999999885e+04
1.258228399999999965e+04
1.057294199999999910e+04
1.152791399999999885e+04
1.139845999999999913e+04
1.223163100000000122e+04
1.212920100000000093e+04
1.211642300000000068e+04
1.251344899999999870e+04
1.217893750000000000e+04
1.265204100000000108e+04
1.215348899999999958e+04
1.184545700000000033e+04
1.218594399999999951e+04
1.142381399999999849e+04
1.066843899999999849e+04
7.726295999999999367e+03
1.266419000000000051e+04
1.209872699999999895e+04
1.195146299999999974e+04
1.246461100000000079e+04
1.232281399999999849e+04
1.260662299999999959e+04
1.232456250000000000e+04
1.195697899999999936e+04
1.202344000000000051e+04
1.290381800000000112e+04
1.193299799999999959e+04
1.249489899999999943e+04
1.209053700000000026e+04
1.175463999999999942e+04
1.168871100000000115e+04
1.282309600000000137e+04
1.237510199999999895e+04
9.898302999999999884e+03
1.096206199999999990e+04
1.211232500000000073e+04
1.017868000000000029e+04
1.272150799999999981e+04
1.161472699999999895e+04
-5.656165999999999485e+02
1.233941600000000108e+04
1.133398199999999997e+04
1.208445499999999993e+04
1.154204600000000028e+04
1.198573399999999856e+04
1.242871299999999974e+04
1.157241600000000108e+04
1.189522800000000097e+04
1.142432500000000073e+04
1.151781199999999990e+04
1.139394499999999971e+04
1.285650300000000061e+04
1.246717799999999988e+04
1.263830699999999888e+04
1.210865200000000004e+04
8.214975000000000364e+03
1.247950499999999920e+04
1.339345000000000073e+04
1.298129000000000087e+04
1.210892199999999866e+04
1.192531250000000000e+04
1.246454999999999927e+04
1.159760199999999895e+04
1.265448899999999958e+04
1.185804899999999907e+04
1.254818600000000151e+04
1.289406800000000112e+04
1.164411100000000079e+04
1.199404100000000108e+04
1.241059300000000076e+04
1.252498600000000079e+04
1.235457600000000093e+04
1.184976399999999921e+04
1.186536100000000079e+04
1.248352800000000025e+04
8.352136000000000422e+03
1.211465100000000166e+04
1.182566300000000047e+04
1.220533899999999994e+04
1.302968600000000151e+04
1.167704899999999907e+04
1.295804800000000068e+04
1.244767799999999988e+04
1.240615800000000127e+04
1.123794199999999910e+04
1.213089550000000054e+04
1.129927300000000105e+04
1.262301600000000144e+04
1.230147899999999936e+04
1.263261399999999958e+04
9.367398000000001048e+03
8.006708499999999731e+03
1.232299600000000100e+04
1.235379500000000007e+04
