8.537864999999999782e+03
1.180700899999999820e+04
1.204094199999999910e+04
9.884292999999999665e+03
1.137829500000000007e+04
1.203581250000000000e+04
1.178828899999999885e+04
1.113250799999999981e+04
1.046847500000000036e+04
1.211397299999999996e+04
7.746030300000000352e+03
1.126318300000000090e+04
1.152740500000000065e+04
8.489617000000000189e+03
1.097182999999999993e+04
7.541599000000000160e+03
1.114873999999999978e+04
1.122122600000000057e+04
1.076722899999999936e+04
8.441127000000000407e+03
1.154787899999999900e+04
1.116988999999999942e+04
9.205228000000000975e+03
1.154051399999999921e+04
1.155010399999999936e+04
1.142404899999999907e+04
1.184868600000000151e+04
1.019517000000000007e+04
1.179197500000000036e+04
1.226173899999999958e+04
1.141848699999999917e+04
1.136573199999999997e+04
1.066866300000000047e+04
1.006037900000000081e+04
1.178665300000000025e+04
9.844904000000000451e+03
1.220661499999999978e+04
1.124675600000000122e+04
1.212814999999999964e+04
1.176391100000000006e+04
1.011155800000000090e+04
1.185946299999999974e+04
1.109644700000000012e+04
1.163059100000000035e+04
1.056772100000000137e+04
1.152645399999999972e+04
9.332072000000000116e+03
1.235090600000000086e+04
1.128865800000000127e+04
1.211377050000000054e+04
9.459150999999999840e+03
7.599989700000000084e+03
1.156572899999999936e+04
8.877021000000000640e+03
1.162594399999999951e+04
1.107221500000000015e+04
1.056355100000000130e+04
8.527751000000000204e+03
1.245752100000000064e+04
1.219587999999999920e+04
1.077168199999999888e+04
7.578928000000000793e+03
1.102901399999999921e+04
9.027238000000001193e+03
1.174091899999999987e+04
1.085317300000000068e+04
1.019114500000000044e+04
9.251889999999999418e+03
1.177963699999999881e+04
7.559469699999999648e+03
8.770550999999999476e+03
1.079177300000000105e+04
1.149292899999999827e+04
6.228054699999999684e+03
1.102184399999999914e+04
1.088451899999999841e+04
1.105189100000000144e+04
1.225171100000000115e+04
1.056965200000000004e+04
1.192887299999999959e+04
1.170244300000000112e+04
1.091308600000000115e+04
1.205393399999999929e+04
1.107613699999999881e+04
9.993228000000000975e+03
1.214218750000000000e+04
8.496208000000000538e+03
1.160365800000000127e+04
1.021933499999999913e+04
1.149967399999999907e+04
1.224044300000000112e+04
1.157935199999999895e+04
1.102400600000000122e+04
8.435329999999999927e+03
1.053064600000000064e+04
1.234616699999999946e+04
1.131341200000000026e+04
9.024364999999999782e+03
1.090577800000000025e+04
1.060066899999999987e+04
9.952613000000001193e+03
1.262915899999999965e+04
1.161222600000000057e+04
9.918045000000000073e+03
1.205113299999999981e+04
7.000940400000000409e+03
1.211955399999999827e+04
1.245758799999999974e+04
9.073163000000000466e+03
1.029561199999999917e+04
1.208643000000000029e+04
1.177268199999999888e+04
1.163241799999999967e+04
8.876295000000000073e+03
7.709713999999999942e+03
1.028386700000000019e+04
1.089310399999999936e+04
9.450396000000000640e+03
8.770334999999999127e+03
9.752200000000000728e+03
1.147852600000000166e+04
1.117308799999999974e+04
1.093470499999999993e+04
1.080227499999999964e+04
1.230132600000000093e+04
1.181388199999999961e+04
1.272654800000000068e+04
9.386062500000000000e+03
1.168075399999999900e+04
9.243404000000000451e+03
9.264466999999998734e+03
1.174457999999999993e+04
1.063179500000000007e+04
1.159425200000000041e+04
1.007182300000000032e+04
5.365034000000000560e+03
6.118975000000000364e+03
1.147773199999999997e+04
1.040866200000000026e+04
6.179386700000000019e+03
1.170014800000000105e+04
9.926435999999999694e+03
1.134181399999999849e+04
1.195311499999999978e+04
1.204334000000000015e+04
1.184621399999999994e+04
1.182820700000000033e+04
1.100648100000000159e+04
1.025817499999999927e+04
4.733777000000000044e+03
1.116065899999999965e+04
1.056213999999999942e+04
1.102921600000000035e+04
8.690775999999999840e+03
9.772030999999999040e+03
9.071920000000000073e+03
1.117201899999999841e+04
1.005347899999999936e+04
8.544377000000000407e+03
1.181053199999999924e+04
1.113184399999999914e+04
1.158693100000000049e+04
1.148650499999999920e+04
1.189706199999999990e+04
9.673453000000001339e+03
1.272742799999999988e+04
1.138967699999999968e+04
8.108710000000000036e+03
1.103984899999999834e+04
9.945898999999999432e+03
9.781665999999999258e+03
1.138145600000000013e+04
1.247147500000000036e+04
6.809429699999999684e+03
1.098069700000000012e+04
1.138168000000000029e+04
9.469584000000000742e+03
9.079993000000000393e+03
1.110283399999999892e+04
1.206953899999999885e+04
1.074244800000000032e+04
1.105298800000000119e+04
9.932396000000000640e+03
1.145735000000000036e+04
1.249208799999999974e+04
1.195623300000000017e+04
1.087973199999999997e+04
8.493774999999999636e+03
1.028692300000000068e+04
1.126556600000000071e+04
8.347309000000001106e+03
1.015060399999999936e+04
1.094360199999999895e+04
